65309452017455214208803381383948567848064135733390204327225396453719973667
9474509978276105107786201734494993391341561829004624620743

853216935323747873942935951120968191604274424785717247410356259342657
7933271212886753561994232359378692726564034492234542200478235277


4
4
6
10
10
10
14
14
14
14
21
21
49
55
55
77
121
121
121
121

533
667
1139
1189
1363
1517
1927
2813
2881
3337
3397
3551
4171
4187
4187
5141
5251
5329
5767
5917


61279
81593
86741
89951
109727
154633
170461
183641
184363
208951
240083
249401
264067
305827
368177
371557
415411
427741
452929
457297


2056471
4126877
11541457
12370231
16115873
19821433
21074167
23883451
25047233
25734211
25960009
26718449
29606737
32649101
39512167
43846069
52672327
56088757
62338273
63781901

594227383
666257393
845501809
1042940863
1422170149
1473378061
2754069257
3152202211
3246637613
3464480281
3553302871
3659267693
3789807349
4249474573
4569098927
5435375879
5478413141
6732544471
6980066593
8319206923


41100491437
86063484319
86318427073
116966919067
122742040529
132817132801
165067765669
183494318153
236117747113
271181224217
300320879101
338291953579
338490651131
372020176679
407699420437
431324337077
542719582123
608340248071
804186096391
833706341411


3749350322771
5506356259853
6521879885219
9691301932327
11048608909201
14089934873383
14946579779801
15037648767943
17597834568329
19444062256057
22190372185781
25221069474877
27634022810413
32987503877971
36330920556241
37100782647311
52173467372023
55010313610429
66681509951281
82279695862757


622902494274223
912847798466209
1034432824791917
1144637721689971
1171745111428709
1307328369412651
1468196782281227
1549629794035319
1593237683861599
1697163483444727
1712349408994949
2424014959150231
2772425010372659
3163898767451923
6155510857503373
7409527872711197
7737660711356647
8380869351804863
8903050020667423
9212806832132867


55561787725808699
80442563297053513
95040241170132779
97755703162513283
109158000630168401
134025306087182291
138016283733940907
148000304063654519
175609698193066717
229222739005959701
256948484786935859
267226959089976551
270326046402477743
287375714230111021
298766055140593643
321794369955235867
489218863719104821
509742791625481489
531748526496735323
664022756966599469


4397378898353828873
6958985834859557173
8012177256859243751
8279587634089279633
8456163579244204363
13002569777173224293
13477677364730379637
13654621602387321113
14034137408023386553
14778374877517735013
17611834117593214949
20594102619119620277
23085921114416970611
23654493279452392999
25983071726919408683
26665139304605359703
37448678141811346301
46000278399478555259
59893332318775116419
62454891291422145361


284320190447495244881
668081900605002650911
1086702219290825388431
1193790178956352470373
1269172180930622621251
1272074354844643466923
1779351600390587133629
1795070276884243322233
1808258068553671350647
2733990349570108624799
3005005149574578219959
4289200857673228728929
4548587255866014018377
4739911220061854309699
4808851547109326623001
4965378650857712981837
5059329942589601460533
5698099115774827269787
6347363501782327264907
9489891164562130761311


41130653774385528295013
96537829392467403502921
127465908608300868181907
132642662307960404982983
158603004005620686537083
186937030700076202596541
197377122862134073501837
282560230703366682892807
321742961586784675894399
322075619883980467902863
363633815692342057219321
381087471752036565292481
477542973731309336507729
480905326031758067642731
505996122544588326496163
508127630940215568671969
510394769949072195883193
540646015394877032781001
656788954963014705882521
941117073747678879624299


2907242694665160204691673
5901633967269787512214609
6305698152195222377865109
7005649364732995989594493
7695951036327170136855743
9452897744422271045046631
13948654851183414532472243
14691109335838572460795949
15486354726272867281455991
16943776522288806175115573
18003103020881822275499251
22339944362491525019456249
28712386255318138251606019
33508240136118496903882487
34315237407630071554954223
47223918475236997727819039
49324726442990008899070657
71592822175879923664360409
80520646068187726663654673
98684002485256654812134627


622258232282862767711773817
1117427670472824888883784129
1130160586253230028521632757
1182298491679321115256874061
1261396601294820043413497699
1312354808585841703331068613
1747168683344542451287460261
1784815854674545995900518177
1814554308694662622842004751
1924953081236602085413809541
2510712484214646571430140813
2815011425689304185613520397
3212800561463467733907090091
3219094508761771208703998033
4193370511817866276814977607
4274723390870676431976577571
4377231882023896770544084403
5165168858955342776603075327
5593620000017414114869285351
5711112859119200864447286671


49548181736099106317171344579
67930903215537988099405044011
74974992426254624184591491219
93881468023985302810326148787
136537012522060625271625558307
146664633493751234228981022821
208872927695325148824853117321
209535138854022557219985958469
239580077867326937593852344769
294154535899917706575335675443
318543586301980543720087023233
379437145766522495730899285317
411881717128714543902527209931
449817984420312411019793515043
505285425555533615543844469067
538331477973046993663271372471
541484061697646678591030641651
688630862731445210423755923491
712066160578226604633061780007
739947580109571217430109263513


5669793026026566224403977309891
5972941006886500442419802545789
10751789975960560514485165354751
11678425879663693986654239616073
12938043394429137051358155475543
14697795616858818535586599683881
16650944144251699130075879863487
20363420745508324035152186471141
27354310501778184139615583427289
29038830425296124745585898911763
30018142044193126215901749287519
38419128897103388635847428643171
39522649794554915444113276870679
43129338081123543699623028514937
43438637776925771346101564692577
44000688404432880021502069588631
61057745443467377962707685544161
61100508263333424218611317401821
61811063079552804949951686470473
88189297009074425569515975967727


431767634025167854872817568066903
647236717561595718138803460677287
748915817916880053928000362729479
785723548244138079150909511198543
1307945394709943023966789558361411
1827734001845078364553756425181769
1920782384306101580273185242112481
1922739775815557528745248102199671
2895339260216911482790152456556961
3431432887969678070650047732974687
3854704388997125947385327723962729
4182061114640188209770491945357537
4305128354115536675070980022056551
4805596516669749755196942957355433
5018443581240728612919997109542331
5088897270520340372168323027376149
5418100087344048543394721477874839
6935302083510728065045009085224183
7393291615220132466460101413675651
9226947206751341084863277493644573


11741711401192282998937646550192781
36345205168735070663942809992051449
65672450090948132942601646853981087
87437312200833617843438048683551713
108347649177815464819799228876825941
124873853678946925660469373008551207
167518634243468815297553981550795889
175665533956893612138091466953130107
179367378584785401439670345007259787
214051869128060807122383000044727011
225573432060079346301940781294468963
259926008445675024279493387887505631
290795253724544402583341311221844789
313735412678746016140791754790740633
328165475733594976912101416052783211
351028285611636673245996473464065247
527065811205060918898812375928324547
555328572504280369481415398895122129
852717361579124693519192594172351839
905998120283891076252896189444040773


3102818850029298554640022730269957061
5721878483790790143505246416858572261
5736688845499767482069632790181976997
14387711725823684377103691229006989071
16654883881589026193891141534423257027
16725221184460405902728114003920095953
17160049161928580343166135347722438227
18034014798556528501078234012842778409
18873944401541808152246354580051899587
20267459489415689206625189580235623373
20509970689768019610861237302471175559
20664798919981500595800402878366113501
28238603575923591368321975837862851029
30443790115587920283097446726031171579
31654024691001582430732749132876950921
39452061940888263487570315584407804809
41894368218038063661013074200725326839
44287657536586571126005384687763792719
53507848727018734633403983488969012737
57194192896861384797225845125581003277


589214118597196518373155624203662934881
717014750171098656862317824968179270503
860682504289978741780643214315121753679
1138412217952949102779655113248245437867
1381939233598391201406564800738418956173
1538493704726490902153008367070661718393
1684320687963310891923145462278958874633
2397655023800830803506649949960040565293
2929045531187770333818342668149998582203
2941760905489419068819509135703422153481
3057732247005261412479809866801168328243
3117910208130975606991404656842078742399
3482227703769224203608842426932737572509
3545065185474594981256398597262361715001
3684698044197775262383306449034010020733
3707002987772038202270566730510358283163
4547472364720482027494129830265911821433
5596144889379187493847376634349545146019
5870723361075550392090403441997862189491
6732230102641521718969876605826596304033


48690711967892818330129665269611021414339
77296257269014515239090197461914035321489
117529232555345420109374385892942267472333
126592589429655322813251326231894635157761
140935253487195108088621084335035762596237
144643910649910153192664159153422167781157
147005856902360381558442754530991865249123
179285671829816817584839348697296118473379
181695712234151688665503542366625113409423
193795534816096832280746124297909462388219
226714361276424082300922831965738759439389
249183083035384833604864974068065551088931
338879237480674702479139634605935214511713
412616556298897079769026623244700954073001
455866889245305888292098442744428156363041
463086380463644925482706042429507933029519
514923874643083926427803896666456809821359
540825465710207628915269820370007815706983
636013344422718578445499153707868676643239
638235660645331132508300913708807217049849


5597572737767290931955427654065546285761059
5693841080247340766246779145175859980018787
6711194951350529577155839562173067423102597
6784133734357886110194484685285263984948901
11322173385274966114985230640218739841364441
12597252971293638411392221436568298457023303
13179916403624807731277847224797241607341263
20959376305303727265443064310867734444812437
25425502042114770814395383028099403335920449
28567938333261835671163615803420475895149123
32600715282008317454589735707525893496911859
34954823593016530461111618205314579485635007
37483626540498522381714041052352138688792147
40570250049122074749810482591026649907698797
40934386544530154937614443556265402652548517
43085154039964555731713381817466029916098941
47737258899295593026186805838023384704377889
47921116898557123697820930358421902502988161
49632035421239652518348269986952115525728949
57128037268918207584844646350723477688981947


401336092348277911939188564126139451114852911
551377559716022398370066536722446092631433553
636715974675798429526813397960835392274531727
978966769859376223547735015461032303846717329
1312548543671691227061470101183167663931137361
1559733707368194403876912214519336283549561833
1749349334822278734428765357262860996901972911
2052662753527028993681387967413459092403985271
2468192895479270297486912202292532150114007523
2500294284863814468394574582679998698976777107
2540177784072896438509520367477526975332814463
2949453565075663424181144254191926479069804821
3048828165288060968623988718014736837449099549
3083867723537567027972005037202505795433908153
3094122202174974299493872819789003016534381581
4184696920905274308041209851069951870830232673
5864894328986223705937351337195397908831626591
6064903400050060556647780115221323083419972037
6311170673603208941512510632312323969649676633
8065720091475467603682117288777713368316483407


42959977371968010060559397766843324997078786217
90609473310979165395134449065044909051941650007
95296188972425578321921141711713693815228869597
99077481739561143555814449819939684368048002391
107687451864623300158103400728661960691452701113
146843163174565730533304464185685029961112278639
245855294183196625485416611018223349241840177507
276638723249548746043067452178121007997937013691
319035400362591897959046638727358785256256403853
379296203849286485300399161593196303320295322519
416470530645479580226633644819325140945766080907
472007584369594870008155760130495564901198464387
525528588705658971238103866840240052170420264219
544021140241650931101328877385708544970971490483
557113219965229240586208003719182048149475743379
560391606335006682252325302434370606019833253891
603074646861205696289971183881143248409498342627
697019770120283885025075065525736716626263569239
739262167220887109050057661729105806259481145379
875949815836066576592882065652019529319771161177


2881545658483680248118160531424501904486096614407
8312434158042444196892501080404561875428240523611
12726818147519921852748363456336788401599149161267
14597630508465260807079623727328829196778220912941
16488905878019014936183947876053577258000555147809
21307427622744570852399538009080646216700930292313
22115937761811036493666569829693050099279265647673
25946416684545716312821715203454236791667866154627
26087177395594060902768626791211571858782059230431
26874725137321226330454782319552855259446760248803
28185734397829329496439263171646976445724483843957
31369253294608645796255523139416401988731660518021
31501519316424049342414254726776458404377722803169
32233391664525597602787903567243597900050686151173
44050148936060412314439736832815645914425566034381
45184710109022501808468217687902557141144194075789
58356986759716256009848921441243831236731677693759
66626716679654231073106225539632218441449783146011
79549802576899925973221025027977089993597639819217
90294280829129757142220680023770649380035333338883


515931948254747694773091370531897406763166314540719
590922257245462222311801568865700849903466951772227
799296158903840739386025538431493894682165987445613
933152229513379612525292628437196051474843905775067
1002306459655662725402975972835125153309198106061657
1030545343920775247762429492856898679446436252674309
2029351134171965902748171147468631569026040121286843
2050599785246550250200366709667805515170903906857403
2227601106964601706115118193393868381263073960244561
2397033418690231998099307819126406946322074228636313
2538382413833866181654597271883942257666976757803387
2648571860680904506888583683497518470184117102289989
2801386072580386585936018621001391246048388244894939
3093650347016263088498566947972604299622004161451467
3154972967206657225749104308289993573649593406111451
3315248467672506444324262526065775718935248504109051
3744138818553727806846388047859160611541284771869301
3829780575611829089982367020157710324491987243152057
4030700145713598411441486092511902130096818108263837
6696049691081876864158889791556227375620157708581967


43020656738601127837894832584856504589727562188261877
82524085087815173846583446460065572002768122278987843
94761999713906051084519462325083723640957066344842313
128529522977400672945022997751059911936879324454846689
130990984673904771206321443067913476579833048698058543
168027517550420725253309210384824384367795482769398997
257351116051098959131083784262742718514538333607197719
260906245048704824557279386765676108690047314655725191
298550956301329936136021764473262709017142067690222421
316575694529757966153503707257452035867763233986224267
318812749405284615680922136388154301282528956830724701
346835905140979850635949523142822749457591337447432783
381882410546664394705043193870259912907445976325551243
413764697240045045873418674947653327450982330938920197
519666893418127720143318689297699567360657236635545501
550346905957523327420596239467996609152159815520047109
565432013172210633613263338088760111861648696173366029
710665171597746873289573712674459095352932938246592043
721297176933011376087889991732512448687186960588504141
733401261331035421771517549547519721883041825841863307


2579697479056023505571403023115267815949027968552952727
8188659111265681825291394105151189973312509764910696361
10632491929313185825535763438431561268459450595591176343
12234776740389986770807320682427941939984662406385330381
15357359903439469564502312237634019112522674974501997769
24211415225170596385751380226635491079836257938388202227
26253053831647912593360131019532059163114504798337656513
29616534826343008470814227068844380037495463670784470093
35002735592218740388642199450844464873764868718530172739
36807285615903183689241233417830107694416993238142378843
39838255883276239900082739122733357550219131924537929233
40701398607981920223571605991106529092409890174874599857
41673292341660003948695887315695144405829569544309731247
46242449365614759446487966543858153317220119319646575431
46596599204051560374488580096739945943366549957909946367
49795987514894348495745997693715141656338399816381817543
56045478173855186852635402443540757742585513473670076131
61544787479110419949466889500804104248336366522921787691
70582047713105821179940194321492616278361867310980394981
82919406576703631187342449038870847758761951987355036699


642213604750251967041006477563732090925732346925159105101
1259320343809619018259904139891354528361574170365746594163
1387366362126595307735828851423751760564882715320569082077
1493352482031308449086316553529594553240125285578807238971
1560047016771625115732301404541856627661366396339076596749
1934197821956950562320912875135779221757427663826843609741
2542251275740295434520256198602282384152974347735078578261
2808594707666202131361759611004968423190713244061876247507
2823478238139550397468215646144087576158620647935415105917
3060134850091170481236761932148623270428347353740289050181
3208234156295940276720882642381347693074031643503412689437
3270899393117794935644387246641418026865389986059661604003
3350362634453103496209092677163388496105674601036187875811
3352998259244425316534871468763422785739454992859961566229
3554251545651922694455834285230720383132061145117087066141
4590810276764699816783642852686911901747409278202707819751
5244559026144120010075974148704908322916464250372962573341
5518426057338476267266818149724215701876748053531327722547
6729230168766403343191643517910786039388543994173644316611
9474509978276105107786201734494993391341561829004624620743

9474509978276105107786201734494993391341561829004624620743


39122531274617064105976551912063168472646040159774778484687
60347539589924732870933749831194710680870705022003264595181
83784632436041488793679126218808056589136557995268175217431
92819162897005980308687881580425847867328276749356221702653
102506534890099645045629644214885809381681791993000720130717
106921968813257185493188376011959082540060524987544707091049
119982993857313309476025182941547446032707553723721867824469
149660744383363189587507747501851548075712913240699918727117
157413007500147991830018578498083490945874462152677455149657
164862382855755741078019344391302130989369395931070270409879
208338791522347015007978439129227804583466456849551400267601
215904508843760554503099884530981000134588639094265229876719
222477567927461094565977449594429727981336831057310261970333
350288800357523069066957377865736837918495172161362440872481
448672852372938971272699582239263999167072711305083712486869
449309877863659706785736454008162847507168659235411851031991
478016407670925681524004669514863068704811615277517116082129
506642338763491752239058703575507171598110900003430090614613
541102838850965357326664427590452328439784225348260687783731
763586029075070654198886426646259985592962096658299202035601


5448257075686946833205488184351806192777830371700428337147089
6022977391720926455131149865083071562691738058354605415866663
6587623412470624877288101443312817623920749544111439149607011
7600215642064497774462704614861404858621646407098981666138911
8672132639609776561036845672944931971455082021303847396638513
9480975333228421296027837115104188459840832355592671057443293
12058596259405032004068637836844346912222107654361651270632147
14970816666503377029636818218115454051588948310393359917058281
16824184763122353774146972090883907461632665181282139870429631
17039197953723094038229792224939547226118081985870342484585963
18591099585916564783520936724421348740609843355665475907417447
19769420025559681786041558897502001187306575355681807206932141
23949714940644781132407729009960412316265686786295447761616439
28252904330925948278127168543056946049226895328626489791600347
28303901000310906980173440945590052683137006163676894838506911
31857773240969846135718322242630783915341783119558086628197517
37748825860643402511108643520089152353473884591021884250373649
40969498057901953920885268319942674842418220945946889436704099
45831553259416271362263214736762414857901351807417260377800093
50453950158245489058885714204764712517903914456662035705492301


461778235428325546357410354067183462005086721935594791473359981
477483879940267809538325661348512243819289921194774586291607559
637513822456073765538893787347908329051854116465920278707264087
778398486883503324970547938847949535953734418696163523563436921
929322000329694086992870931462876801713335020596774172485290613
933104066312169960399811162243153371643717245166376779509487757
1472857965362109594037394761096538642025316320393447932653631923
2094113422591020984618746740677610801759714649164957353209660281
2374732932558035882457357807739471271596880493841637149683187411
2998409616173868748336066699507461434915525205131613972521180899
3324515492378929211189391073405241693816882003228804535937216891
3864915331455793706119060301633269843529873987353785496823134459
4278413257775386332973626444891121223658630426618988820916678887
5208056095586510630542984608162483301021519915351979723364965747
5495467009954340307504466466583314417997013316047993874128642541
6019807437085713258334073729873215644073209145382965671621453361
6419197795838038348589911078765146064302215955012678636072154579
7499419731637151359394904601141417309175717932674375623592752393
7845901682524843864365357014839698079851029372547676476626505671
7933271212886753561994232359378692726564034492234542200478235277


33750906125506286452705567276609396748243820649665807591122474077
40108265230544515373896641719080521467124638555551386442882050811
71142511593128361571873219240941331083168955140540513205412713649
82697142537520190334152558813975146827590247576988597804115085373
96730004956969545013598994617942245426110112314367902746264288549
117121293897760879854239684499293659527576497566911185860616983771
165015262353033143438551039861958962935946064623706137865060424137
188109847309175151109619118593213052709517020720358059695436249477
204791032525841440708382591274541843784457265292484577620507090367
225218521496811275699450762652609360894805903005383149669830343037
240115413143979690615695193249306723819447474803419388053660091777
333390824091310474031478417335916783275302157439841694221282194871
349455449693896619087168795432135901600934562421282274982677756243
396228169679751273608970242257235494363124813493279952561607021143
403931361012562196254689917690355259904009046375968024657414832481
405760549340828775398062648610370849378093548963501409145042489799
431997907389002760701846543088462639692549995179272602893313170757
519435664868246142155971650890404052582834784528346887341467577453
691011391889320289860910223579471139339027159609117436627853341527
966395807256986209893942577934641207975749597525103071850127141039


3354486872207382748409782013169452966651210336267278711474980239557
4150250748798122155753317205434329009969132910484936639758744687869
4648774535623347040714383512969728074458661789608905379588559948143
9805768786522860521961722888018059385552180949130173200630103869101
9926520464827035990673354458019660363990419321472179916996338664757
11979553010451480551813817002925945483932237379113742690735047334761
13425819645917223195253652171681905849624076677057668898588021957501
13515312925582889855763622799053104177033953690064215372744401669357
14984721185713871091896483054829838624624811927329660687703251583213
27904086187124970667891815580634662164540702847292022491186740249027
33323997144339700980050677248272688514891495994290741717383686006203
33726916561181209626666916133627021601506807171968184096259219496793
34438612327615040824586556152190819912119204863901427974803209530489
34856962626804057609644759461915177686891345464546764640099124751379
39831282730961013892653596709838641919774531693833880448951868007409
43657477268576568319968346327634027591730931346446461855042349220551
48291856503575592330425176264755920648599381621415880654457380407857
61135591594566514060042771591892037644316891974714634708414704198233
61309251452889527528502820064796006413101955133976749094541883223781
62353952944527723512364619994412031318876318718742553030799591400929


262491051268705496205939256471866547075247263907062451016046740637729
599334077744999607356618008477807186672025692676227076262293020877837
853216935323747873942935951120968191604274424785717247410356259342657
1101328800039746097030507496870030237801575794235310893762681152247097
1765293358671634797580145909342787262217350708788858518516841351245521
2288776810835834741801866756614791958671308994002238183154340976709107
2471349671968005950478785336299347072210959756027235612770885159533019
2537001881465583428155641966499092442624105481639871737996378821516319
2865004495500444327696387373011243902296291528903058036283299736007733
3482670099645168984315961522426121067849240269198717040032700042165997
3676334911861842168719902038896634132924315332941017328262127104836261
3861726357802754269739466808684686487011083628718063899515577742245329
4239624824541004806644787745234902625719159512851992896247750786573883
4767674635577627687691531373266865319027480845102929612360822089216077
4853406292762507974483972319426746567490817439865526960898635014035707
5944350819533128468940669061980593854629845846863839755582185608461909
6119755485091452689595705830878154988272454185383773646342555971983377
6850185596095434570663938625293981716143999164433155478858216500516663
6887420926354154455111147606839960482734702413554898326477060659805501
8150794968457355238657884654428465975367823852748397522373991766569529


57123857793401220471126562026353264478401845628185853708732139615991873
93653443928531191953111556721205152128986421237400926616749236267826021
114531443376702046407806619870519965709589296852211120882164820228703441
122231302479224523890383926274705547798103769065461301955948545579743339
149179710068894685658809221135730927451395758626034591950665204112805719
173360696460274081446589389886503957096222304689108482353518499894046639
187783204288591311463844159694913720206841457391311479015236069143383819
275774716387397418853041766256476929873496390886850527949907899133639153
287284321594017063910963072971613935254631834685624967483887719219810667
300887797062340258307042774049394919235262450485533841383186360048316529
304080181562200801074894282757896448933350868824059502401841314994957923
310483273248830704878230150214887743426780096871444492194766732130208483
323898650759060905705001070222776890614186335550276213763555099553102011
326920999521340176492629392270167583734757858015718870639757033577074169
362051383302638414321356502958345808371897987493943614239425513502589313
364970952895647657124489026942477304580612950888223795126272396971285641
451658900660969454941343741268356565352611745848614418225934642469699361
541836411654743095818887518670910061778380561751531426290099690099401671
663961076843551074737330225140758936313836614158279440134767680981356473
727607349889958094117306800861481277699014338548414281299161959849179639


3892532093391438413747168946257785415965073776640536921931864003421459137
5623904179396223580924205730921950186533754352533554684459169896473381051
5682816128656350252326589376741517151577102841337244426040670588001670477
10323477290118800678227175220178055504184426785448468141309030820664386327
10895768045300420609475958856093895662146035898152501525108740454815669711
12021530209208217303362960514997282259678386998934324493534346184479129661
14478524115797869941805798465969023543235648221523273621040365402635071551
17827215447808271343825183818579052120771133379780035061025297323012531737
20451087964710880461308002751022185063602094803600324740673628234155956913
24823392269707526891560520418167138050110885163577217875830646917262866211
25108671477519633167672769955096568913907763730443910434374258469353236947
27252033641884920128915068845971782548323202570107350572844419148804191101
31885382117464332633735712227872592338540162323446023129535012777920362153
34168784684632940669466187572270835653963485869448893642428079443468184943
45156781915787513584812045896483912974504956801987585997850039590133627359
45272858162948831203939751910601452295263749426936208944701502921769545573
55880058511636168793487103255354251776137135947511000046074984649480765681
62048137816636627342373494037585997068160919147178949411799904336000670221
62270734356291594531802786988632562623589127869156792700498845992727150147
65309452017455214208803381383948567848064135733390204327225396453719973667


354149805953527523116338261467168049159791530787810126697841644956407761481
468695891109619689503901198504492100583460415686474974918746646849594723359
552432410327964361359197524467469814047421693423788466164542132117650010269
811326873015996309303128830799179929272538797563689475127060142971498383583
902584118763787290222702244196178606729219181209204016681244430018835148869
1004370080623443593645891774579932122153420373842173461024464735697040084569
1114626116123544673748066179826914866665431085325174247695442471978006727849
1407640808815395071214743533826936186767259909686852038445155399157115852423
1514870980631813311325572791885076499211569555475516320491038311157109670671
1719392631138512178912897068605742276501897501126214349788910913188132223333
2022346829046173882850852117129159125979187840747736110232683933995310860487
2122511513348936725152303302687186428420340245380059588177003621337515884591
3071612794212529840867527189708424903167123509849729911268504335321275815129
3328511536208790522688507200311845279345347124084835708760850831413291348077
3765104965548538122561110448777604508583640612308481218566785911563895869063
4813182197768415801948814488340607873650668313342877218650241657698845439481
6180942333967275896597748158374322220676315604651545726164679897392470702669
6607252837202714058189297470189007018839765678096483545161812543017479279799
7380943990354797726269564442668762694698684521489995010148010322125791602969
8658816599335365919327343701304782691070316108904929301973278520550116992627


13811094536043240499797513846254072532546251610856191804304550912325554455703
54083086055445559710467256811786626235615383225344431379864720936399236937483
65761888101533920194666592605592429695390108896960431936473979998134008515013
76668666681195975010157311265455475013493997010592379550436394545401422212693
91974659408679698286025900140277926869246300788170035167623336190697950276717
97758388385987342267795355339310150904658305044361773686623819036070970127963
110562411008737282160689315592547898576320393839689585107906744006833791581541
163032804668002548234198873998181008337748572716679639042225097195345636422829
167993006432123654440646391154131516616980535301868409692031651815858257907629
183045822858797444367736315598160586492915381695801894689511507134679512300567
237003084776270362756155624283074197791859765265447255307095365260052015467103
331366483793977494508724221887607272154073119809084707248516219223579584494283
504110884673058900298921577229764144129915896796880340015161196340249056691053
526143062706288621091063497910357619668015381443817468972447079970961407849731
538566240320780323194414173897256177449530505297691481868332376457006719928527
601930705506688500815452215679606387852360834274483378116982303839737942886919
626055729218716784641578098909804937227691715817686759353732750684443399335637
726426219025641425581772286061190380838855707160311338584932584126520677488813
820874513951948184926052423337947305368504248923964400014688106529329374288511
914126109571950762728091169251922907132322844980648070000347002515034581847917


3016867470542119521083728382534207850033582757308729770898138512071673854875797
3496542121219951384729075414236952535657414224021809720450970090812941076016433
6569625641627633953970176532417619786029686366270161815560141181604923186354593
7003716459770032094174878395852284286044910644427775959795455516457052868147261
9643022771955321383937689449180925053659282234767626412433967822409093936011781
10082865315031277746676651740762982545609100082694422459543077007695899377858959
11854403269274515345144991991647566231431210377187923318649408140829963020516867
13263313756173245702896334372482418038248532132176489369666161592804972211817251
13537822218908110582925245211900094384759261094829183586562988585685017352797863
15393594021522809311220413776908125169526834300741425172215991232992657075642029
16374779257427735124634059756424581309157633984983349580385846190589718102035023
19922272334485585033743618446964610437003802365499597383209031817497412010111549
20034679229522048285708742075186928047548781838879097167075160192899778768347441
28764267502992911989770511942714491332454948014396944601848189372854736472928827
41416349766018861257322137139346199123650851749578543234737607606254823238958301
44644928603782971528342005914185931448396289213490725993683612246591953578777569
45993428551858271753613524312081437784962321014183188680649322533379386537256211
53522730221599484389180005404014359581608803983489987264595113684242634627010833
66676870008903971616156313468964865844886206148802602823021123418002807057379373
84162787276650987564390472465615346283740500314092737244657933517149933774928587


