2019
1100017
1100018
1100017
2019
1100017
45310542215431160087763629471197343803202245242106298328555391442589970850760077
27611400114514623223914241646169233337268381127779
163197805698170863
4795987391651737054527889181
27611400114514623223914241646169233337268381127779
1100017

27611400114514623223914241646169233337268381127779
452216838251470537371072631793919403854745045122265871847810941121701
45310542215431160087763629471197343803202245242106298328555391442589970850760077
1100017





110186908162983329711241121964190697135320945851
163197805698170863






163197805698170863




10216022408938332424838032055678928223479415259793135853679310697336903604162773









4795987391651737054527889181
163197805698170863
19967359




2746389896979603428369208243205570109
163197805698170863
1100017


65110850549950448991711773

10216022408938332424838032055678928223479415259793135853679310697336903604162773


1100017



1100017
452216838251470537371072631793919403854745045122265871847810941121701
10216022408938332424838032055678928223479415259793135853679310697336903604162773
1100017

10216022408938332424838032055678928223479415259793135853679310697336903604162773

331295033849532956219
16495301653729351948327589
16660650425123517357343321
18565463151801941068826059
29604440408523931183448407
49382247904684026483704207
65110850549950448991711773
10
10
14
49
55
121


901
1027
1711
5293
5963
6241


48133
50467
135767
154093
173441
318341


3616177
6764269
19967359
27195253
51645917
65268613


563520187
1257427861
4008082399
4882775441
5406578987
5500150373


80889551999
233542130707
290597734627
321797949763
398511693233
518262951839


9228067692409
9887200596073
16310153585951
24593483717317
45916984819913
51762790104353


845142089777927
1099053640744567
2532617247350941
2758316941831163
3731667717089903
7089161324623549


85187376117014243
163197805698170863
398365835302096381
399582189004475077
437833032580652903
491143783280615963


18484689530096682463
21574114015299442549
31101792520139084489
58756907257645090213
61682371482579978629
63660967653507562427


951348884317316300617
996676887157462832833
1753731666450254822323
2733060307893618134189
3113569829489368705567
3966073905463152613979


86555920484131793963777
104509393746963109135997
137469601256125955538413
276308095691730052210399
345133840526220717145649
609137799985881121026221


16495301653729351948327589
16660650425123517357343321
18565463151801941068826059
29604440408523931183448407
49382247904684026483704207
65110850549950448991711773


969099336258937193132363119
1008474958704173281280805221
2088434553600716490786103493
3264598342689964600710084067
3654737143349436603546132011
4795987391651737054527889181


114265247080982357046393251329
192023403691668749315269002557
221728633676301169723124683181
402149544420550779903574791653
516941683345049388849627319369
714426044385807792641099352641


31143012579833969074233059487241
34049046381782781050285243742353
37634904457915776266004265190777
37646813759951918241741917501027
43314497437758079750454292588439
62922441973353534524219758110629


652307987932083408519726963582821
749486658537591826504144489984039
944038630932101150570843478104363
1173710560579328498472448304453183
3687674366782410485019138029796781
4437801301851588890137472794434407


95323365015362068094858063338504289
122356915676106845513694879958206443
326356931891746494079441986079976359
436872224191462320911568982547465161
439907955558633329992480464748765789
802115468532242773276744704149618039


2746389896979603428369208243205570109
9955094384090663904280968535430524271
21403998740722468597731173999621171977
30383953432778792708175182036169162323
33556623604409391406468901337907601057
38651561589488285555136087786777683461


651127764722325758308438760910554759789
988361181089480416494113181957409990049
2104762249202312863469534853874878496759
3527729126305126303006791604163578680967
4321383717787967461064295684234472728769
5698459121015558510178942110777528522947


155594151653721524762311230149381414934527
346735503650728743126368422204011905237443
370931841899923185700729011245100614406599
469056840919071445244701316187834500630363
554032241862300135168237432860998352423389
745459993783820585629807837029773446927507


5709485069756147921655688443180874695633319
10314439927813493869535228923688897388851821
14550368061434098076121301584129869824466887
17409114830048748778792511378490571414902481
56330706903664394090310309548183112395009081
60606260737828451671548185614471014830807243


512711046899630389732643875449439237548120343
1418920485179253144155118215573044808838220363
2332999023917780261253764556857234686810759139
3316824634239842945939678802200101085468273009
3517327854958842938787249048612050769578336287
7474800489413422975591803404797584278798042069


110186908162983329711241121964190697135320945851
124724836599891250809503927226295513731367821739
131959097964025348500197555068517987230952763713
522762970028036753542482524120604125545130833039
597058526892113237305412136065381047308436689727
744200271418021928239411063876694162099882871253


3178410331270624675199303552045042176458131768041
6730816937385947420001777066301887306714198594977
9475021873034217439267782130055400134602070469401
9683598462441653504918819901902208008402532076393
27611400114514623223914241646169233337268381127779
47988872753911235926599112117506214181751773406581


762392123985589762826831916449468052508500862598057
1235695563858697134646315190510857267740804482270717
2284838208028336482337189016767815930112874942855411
2367995479810306961819898028329456970584771050098409
2812271303199637602165984154163227834036728939963181
5295366053241452655986638674761442918366536760719791


82049147739931646235869915074340664026627237926711391
98961257248082857449647214619091748613061767237671013
156290668058266257371489478076353892123273193667499367
204043269213481427127573857371227700321848052772933897
315978491287308646117318447119967954701368990300395547
523921943154570719421288907483885223915420636184730829


4196261099817441331379443754714034274526023677592926319
14707521915652003810994594132651252419882589903521419769
16626548389693355947883719472101249735072507292275567447
17551859117598936827679626233247164709757576194520784981
23553850923607924783507244715656109838627561858735195493
49132082386655335014662315452105911089372524921769702051


491550304504217411180254404331646502124170511752704343211
881315761228838080182327555026333901473893589923805083061
1322240605782397464410115981010029347090747834133830377289
3858565777961538832290868976994214200028084494263167843037
4903152008687843318332978150124993951852779537022512320793
6274523209459910008568747250037657811366611034496391440553


122554794386600097320574045591039759255538197651261657914783
310330278607212452392096146495678167601757969249596079151479
396752218612252337802529292226662345844916343188979408527189
417791349694248738207799388058943680208399515881245194009329
483759016725496106144518717581759272421545540850466316213929
549952669468759133407631168445982127720695886343203695025227


3777732806190702740905574779748099070637972883857434014326303
18165532542024731354939700090520745670669140772858311620736719
31966634155470498906908776044762254922903858899487253455391343
33071011325747492581482434313867781524079316049110781610114487
35591705754143793851472166868921908753116286717399366197210889
54783416015775163230765203231038961200373279906739270523122107


917941469613488609290435270835134731275528839948237666657329319
1393108799967640745989972930448525709444328024369321139397382429
1507634480288952395185173264393728664656557936847630338017413627
4171006406130275380673349724477199191690011531454435578035764951
4298115066668743611993440892718799802029551184983096775500362913
5085992046475989303185447698103321556026381328820112999557044761


100899430959774554763945723200481890810305317665190804637657553303
123534224970711780710098927315321617873953351280037916846312192501
127611049669555136556210807420783913401898840394032453702936150549
279977101507271502809295215775272079237509323322473127422398928867
284384157358009424786215051142198088942860156486975153390211725179
378868837865918802183174180295855869150479367183339255695297639521


7833147423100941927087652174245474112389600875691634821113736751361
10639666921081022504720369145843046935091533005697245919612774223309
15129446048963828678999563139886115356513020506774634938101990382441
16961863411012069899998212096710954688626751488187345680599731440577
57364388883270707898567587256916488102078203151427747982823747106961
70755768502467842101538312368842434225160469164441181620968162830399


452216838251470537371072631793919403854745045122265871847810941121701
1504046800659831320532663130747067314134734339054299904788959028511029
2098536074269710572022159740892801213921831127162634005758080657548247
2166486581422752367808211591676851024940070769216613691005642372185709
5844992363476431654578129955378200168414101449021164655308531683349233
8705247810092427962918086498174922152679059358072964273358495512229099


69722991417642422233354055815909364989030452417092918860134494554191803
117711186806631244548372079455374066044911633893670091359676596980293253
124710599268338767032468952889197708896452661898921087549526746093266607
190096163314203848264587443742337572156236279442496213334998552655080387
225889602204123290192887395020298182277977959918010859829513425425527663
491326963076304406795006433293533802965236654818790361503420796697244759


17367320577706463002028642403499033499775175079185827138769312778056672139
18476892396225685548457929109886695763816795500384963469399204400237348157
21705791412057704503665353782500011074300233363339941098643920049069115179
32956084814420919642744443474524338308677339535680019364107551488386704057
33003732529456720674224774936701732300987444016676668365073055710147389099
35281085476900411743993094712767832707609402523841515419757643211817406989


1301631314289396411225542624542304823408814982128733978011537225166106065153
1483233458387463601675759179712612934057659846783455956362264407179897859409
2833413477774142895211631714806029267572629438081925886858066525679119264527
2940987730318079994749581456582900952224566021794150979327086896769238510827
5207085465688863221020073431256339488102984098582845280612588871018544274283
8783958188348162267545299897146920806749105470066620018629791760360678725907


77378563820992892470501787506025850894946099152553363311594619321606758389677
82066650815947692740933209501108906187875829950898048348892813148270671932821
99825704592886778739844470814958616091933710833652580372649075860586838963863
123488564005494304091293801731830918400982717774737556519865921012807778743309
438548227616270426025604456374844982575520105966610415037667641170384314519647
448789213754070507863955841542681646981620366796376901199805174486251536289861


10216022408938332424838032055678928223479415259793135853679310697336903604162773
15543858469105925834905539581291505595174242972810591745101193516870106278425959
25140427179553721436257323743626100587358787509859123699744339135809619132490113
30343270582497749000419811093055471175854115446146874494857122328659216409431491
38308689136492230859178652426245295824162532495377736029751104408462559777928717
45310542215431160087763629471197343803202245242106298328555391442589970850760077


